g	nindividual	cost	p(0)	p(1)	p(2)	p(3)	p(4)	p(5)	p(6)	
0	10	0.200301	74.4929	159.724	9.67121	66274.4	973.755	779836	7400.07
0	8	0.757327	192.589	4082.34	0.510329	6018.3	969.182	338026	1767.57
0	3	2.27699	85.9449	7733.2	0.965721	35196.1	45.9457	432226	9084.24
0	1	5.47084	227.32	2467.89	4.26008	50929.1	737.647	605090	6802.63
0	2	15.8849	274.775	9110.41	2.6563	35531.6	101.362	712338	8036.66
0	7	18.5019	96.1053	4901.5	7.9666	92955.4	119.442	606482	9959.69
0	5	21.6361	285.445	4988.32	7.03094	61645.9	377.683	404139	6981.75
0	6	27.8583	170.057	7856.77	9.05004	71272.1	81.5749	212783	1431.79
0	4	28.5527	176.152	7066.28	8.88177	40663.7	248.937	45954.9	3440.08
0	9	29.1074	289.5	7302.2	7.44349	94608.3	808.089	831109	9004.23
1	10	0.200301	67.0436	175.697	9.16448	59646.9	876.38	701852	8140.08
1	8	0.757327	192.589	4082.34	0.510329	6018.3	969.182	338026	1767.57
1	22	1.5537	191.825	6997.3	0.51437	6062.01	251.084	338814	1760.75
1	27	1.91783	86.5548	966.451	0.973392	66413.5	45.664	430692	9037.68
1	3	2.27699	85.9449	7733.2	0.965721	35196.1	45.9457	432226	9084.24
1	23	3.01779	276.999	342.351	2.64295	5996.79	966.973	711742	1784.45
1	1	5.47084	227.32	2467.89	4.26008	50929.1	737.647	605090	6802.63
1	25	5.64198	272.308	2445.96	4.29827	35181.6	742.192	610722	8099.75
1	29	10.3546	177.676	2463.85	8.9234	51260.5	742.455	46180.9	6827.22
1	24	13.9798	229.511	2482.54	9.73351	66762.7	967.261	787607	6862.34
2	31	0.197658	86.0121	340.133	9.29346	59963.1	966.977	711645	9019.69
2	10	0.200301	67.0436	175.697	9.16448	59646.9	876.38	701852	8140.08
2	32	0.36411	114.846	4058.64	0.51522	6087.42	968.303	341983	1775.9
2	8	0.757327	192.589	4082.34	0.510329	6018.3	969.182	338026	1767.57
2	35	1.10671	86.3636	971.777	0.966532	50449.6	45.8989	428523	6784.27
2	22	1.5537	191.825	6997.3	0.51437	6062.01	251.084	338814	1760.75
2	38	1.60501	270.177	974.502	4.25731	51018.2	784.369	434137	6815.31
2	27	1.91783	86.5548	966.451	0.973392	66413.5	45.664	430692	9037.68
2	3	2.27699	85.9449	7733.2	0.965721	35196.1	45.9457	432226	9084.24
2	23	3.01779	276.999	342.351	2.64295	5996.79	966.973	711742	1784.45
3	41	0.0535482	66.3769	176.48	9.19044	59265.5	334.057	428941	8954.43
3	31	0.197658	77.4109	306.119	10	53966.8	870.279	640481	8117.72
3	10	0.200301	67.0436	175.697	9.16448	59646.9	876.38	701852	8140.08
3	46	0.341009	115.339	2360.29	0.511346	59369.3	957.562	343939	1788.96
3	32	0.36411	114.846	4058.64	0.51522	6087.42	968.303	341983	1775.9
3	48	0.478982	86.9648	176.438	0.973575	66321.6	874.971	432761	6765.15
3	49	0.525495	86.4193	965.364	0.969734	35310.2	46.0256	432223	8997.02
3	42	0.530377	85.6847	961.645	0.980701	35207.2	46.3718	428209	3318.78
3	8	0.757327	192.589	4082.34	0.510329	6018.3	969.182	338026	1767.57
3	35	1.10671	86.3636	971.777	0.966532	50449.6	45.8989	428523	6784.27
4	52	0.0531784	66.5531	175.977	9.21422	58743.9	333.091	431650	8100.68
4	53	0.0534545	65.8849	176.707	9.26955	59490.7	334.865	428793	8930.98
4	41	0.0535482	73.0146	194.128	8.27139	53338.9	300.652	386047	8058.99
4	57	0.0671791	67.0581	177.579	9.1096	60040.4	332.958	701537	9024.12
4	55	0.0805511	87.0566	963.164	0.963646	6051.45	46.2066	340358	1780.29
4	31	0.197658	77.4109	306.119	10	53966.8	870.279	640481	8117.72
4	10	0.200301	67.0436	175.697	9.16448	59646.9	876.38	701852	8140.08
4	60	0.216123	87.6049	969.161	0.970387	77574.6	871.46	432071	6727.85
4	58	0.285729	86.9586	177.753	0.975321	78766.6	872.769	645228	6736.51
4	46	0.341009	115.339	2360.29	0.511346	59369.3	957.562	343939	1788.96
5	52	0.0531784	62.2114	193.575	8.2928	52869.5	299.782	388485	7290.61
5	53	0.0534545	65.8849	176.707	9.26955	59490.7	334.865	428793	8930.98
5	41	0.0535482	73.0146	194.128	8.27139	53338.9	300.652	386047	8058.99
5	62	0.0544801	67.4795	177.873	9.19283	59284.3	337.344	427341	8990.97
5	57	0.0671791	67.0581	177.579	9.1096	60040.4	332.958	701537	9024.12
5	68	0.0765114	66.6788	174.153	9.1053	60119.9	331.757	698178	8059.9
5	55	0.0805511	87.0566	963.164	0.963646	6051.45	46.2066	340358	1780.29
5	61	0.177593	77.8074	304.568	9.99194	59418.1	873.919	641480	8144.67
5	70	0.17805	77.1567	306.21	10	54187.6	877.197	644821	8129.8
5	31	0.197658	77.4109	306.119	10	53966.8	870.279	640481	8117.72
6	52	0.0470328	68.4325	212.932	7.46352	47582.6	269.803	349636	6561.55
6	77	0.051728	65.278	176.422	9.28083	59910.4	331.571	429849	8853.07
6	53	0.0534545	65.8849	176.707	9.26955	59490.7	334.865	428793	8930.98
6	41	0.0535482	73.0146	194.128	8.27139	53338.9	300.652	386047	8058.99
6	62	0.0544801	67.4795	177.873	9.19283	59284.3	337.344	427341	8990.97
6	75	0.0546187	67.0749	173.34	9.0631	59923.4	336.858	424906	8947.38
6	57	0.0671791	67.0581	177.579	9.1096	60040.4	332.958	701537	9024.12
6	72	0.0699461	78.514	195.133	8.21495	53065.4	298.343	647330	8146.79
6	68	0.0765114	66.6788	174.153	9.1053	60119.9	331.757	698178	8059.9
6	76	0.0789292	66.2	173.771	9.31409	60417	335.568	703252	8025.23
7	52	0.0402933	75.2757	234.226	6.71717	42824.3	242.823	314673	5905.39
7	82	0.0428419	67.0333	196.677	8.2052	56934.3	298.745	423969	9024.34
7	83	0.051727	65.6268	175.332	9.19736	59495.1	329.75	450343	8100.84
7	77	0.051728	65.278	176.422	9.28083	59910.4	331.571	429849	8853.07
7	53	0.0534545	65.8849	176.707	9.26955	59490.7	334.865	428793	8930.98
7	41	0.0535482	73.0146	194.128	8.27139	53338.9	300.652	386047	8058.99
7	90	0.0535959	66.2736	177.163	9.17972	59699.6	336.998	424828	8120.45
7	62	0.0544801	67.4795	177.873	9.19283	59284.3	337.344	427341	8990.97
7	75	0.0546187	67.0749	173.34	9.0631	59923.4	336.858	424906	8947.38
7	86	0.0548803	69.1156	173.21	9.37434	47457.4	270.278	701849	8018.8
8	52	0.035045	67.7482	257.648	6.04545	38541.9	218.541	298355	5314.85
8	82	0.0428419	67.0333	196.677	8.2052	56934.3	298.745	423969	9024.34
8	100	0.0443958	68.7975	172.154	9.32464	47213.1	271.743	439876	8025.72
8	97	0.0456897	65.1332	192.9	5.76029	59030.8	298.049	450894	8156.46
8	95	0.0462771	65.8563	192.706	8.19717	53340.9	300.162	421344	8043.82
8	93	0.0467578	72.9213	193.632	6.7779	42647.7	244.464	311681	5931.45
8	83	0.051727	65.6268	175.332	9.19736	59495.1	329.75	450343	8100.84
8	77	0.051728	65.278	176.422	9.28083	59910.4	331.571	429849	8853.07
8	99	0.0528941	65.8862	176.362	9.07674	59894.5	333.63	422860	8861.01
8	53	0.0534545	65.8849	176.707	9.26955	59490.7	334.865	428793	8930.98
9	52	0.0342501	74.523	283.413	5.4409	34687.7	196.687	268519	4783.37
9	82	0.0428419	67.0333	196.677	8.2052	56934.3	298.745	423969	9024.34
9	107	0.0431354	67.4677	198.026	8.26029	57326.9	296.545	439435	8937.34
9	100	0.0443958	68.7975	172.154	9.32464	47213.1	271.743	439876	8025.72
9	97	0.0456897	65.1332	192.9	5.76029	59030.8	298.049	450894	8156.46
9	95	0.0462771	65.8563	192.706	8.19717	53340.9	300.162	421344	8043.82
9	93	0.0467578	72.9213	193.632	6.7779	42647.7	244.464	311681	5931.45
9	108	0.0507163	66.427	175.769	9.16414	59221.2	326.66	448136	8986
9	105	0.0509982	64.9403	178.119	9.28096	60057.1	330.484	433176	8927.26
9	103	0.0511571	67.6118	196.431	9.23593	57116.4	328.258	434007	8857.96
10	52	0.031385	67.0707	311.754	5.98499	31218.9	177.018	243350	4305.03
10	82	0.0428419	67.0333	196.677	8.2052	56934.3	298.745	423969	9024.34
10	107	0.0431354	67.4677	198.026	8.26029	57326.9	296.545	439435	8937.34
10	100	0.0443958	68.7975	172.154	9.32464	47213.1	271.743	439876	8025.72
10	97	0.0456897	65.1332	192.9	5.76029	59030.8	298.049	450894	8156.46
10	95	0.0462771	65.8563	192.706	8.19717	53340.9	300.162	421344	8043.82
10	93	0.0467578	72.9213	193.632	6.7779	42647.7	244.464	311681	5931.45
10	114	0.0474311	64.5811	193.234	5.74934	58455.1	298.404	418935	8013.91
10	111	0.0478576	67.691	193.56	5.7911	58467.1	300.185	432151	8800.34
10	119	0.0491142	68.9389	170.955	8.27673	53760.9	300.251	418316	7972
11	52	0.028346	73.7778	342.93	5.38649	30430.5	171.836	219015	3874.53
11	82	0.0428419	67.0333	196.677	8.2052	56934.3	298.745	423969	9024.34
11	107	0.0431354	67.4677	198.026	8.26029	57326.9	296.545	439435	8937.34
11	100	0.0443958	68.7975	172.154	9.32464	47213.1	271.743	439876	8025.72
11	123	0.044431	72.9016	171.673	6.81445	47229	269.874	440685	5919.5
11	130	0.0450068	66.8038	169.815	8.21547	56890.4	297.875	439518	7956.39
11	126	0.0456026	67.1438	190.976	5.76884	58800.1	296.058	430099	8098.39
11	97	0.0456897	65.1332	192.9	5.76029	59030.8	298.049	450894	8156.46
11	95	0.0462771	65.8563	192.706	8.19717	53340.9	300.162	421344	8043.82
11	93	0.0467578	72.9213	193.632	6.7779	42647.7	244.464	311681	5931.45
12	52	0.0264961	66.4	377.223	5.41278	30720.4	173.491	197114	3487.08
12	133	0.03924	73.1624	345.881	5.43815	57414.7	295.679	219946	8998.29
12	82	0.0428419	67.0333	196.677	8.2052	56934.3	298.745	423969	9024.34
12	107	0.0431354	67.4677	198.026	8.26029	57326.9	296.545	439435	8937.34
12	100	0.0443958	68.7975	172.154	9.32464	47213.1	271.743	439876	8025.72
12	123	0.044431	72.9016	171.673	6.81445	47229	269.874	440685	5919.5
12	130	0.0450068	66.8038	169.815	8.21547	56890.4	297.875	439518	7956.39
12	126	0.0456026	67.1438	190.976	5.76884	58800.1	296.058	430099	8098.39
12	97	0.0456897	65.1332	192.9	5.76029	59030.8	298.049	450894	8156.46
12	95	0.0462771	65.8563	192.706	8.19717	53340.9	300.162	421344	8043.82
13	52	0.0259078	59.76	398.124	5.09739	29707.7	169.038	216825	3347.35
13	133	0.03924	73.1624	345.881	5.43815	57414.7	295.679	219946	8998.29
13	147	0.0424682	67.288	199.415	8.25177	56461	294.334	437362	8899.44
13	82	0.0428419	67.0333	196.677	8.2052	56934.3	298.745	423969	9024.34
13	107	0.0431354	67.4677	198.026	8.26029	57326.9	296.545	439435	8937.34
13	100	0.0443958	68.7975	172.154	9.32464	47213.1	271.743	439876	8025.72
13	123	0.044431	72.9016	171.673	6.81445	47229	269.874	440685	5919.5
13	130	0.0450068	66.8038	169.815	8.21547	56890.4	297.875	439518	7956.39
13	144	0.0454342	66.23	194.388	8.1682	53083.2	297.858	418712	7981.98
13	126	0.0456026	67.1438	190.976	5.76884	58800.1	296.058	430099	8098.39
14	52	0.0258986	62.859	416.004	4.78863	30382.3	172.426	195142	3012.61
14	133	0.03924	73.1624	345.881	5.43815	57414.7	295.679	219946	8998.29
14	147	0.0424682	67.288	199.415	8.25177	56461	294.334	437362	8899.44
14	153	0.0425659	66.8723	197.455	8.16519	56129.5	296.744	421255	8944.42
14	82	0.0428419	67.0333	196.677	8.2052	56934.3	298.745	423969	9024.34
14	107	0.0431354	67.4677	198.026	8.26029	57326.9	296.545	439435	8937.34
14	152	0.0442693	66.819	197.182	8.17151	53549	296.162	441018	8968.51
14	100	0.0443958	68.7975	172.154	9.32464	47213.1	271.743	439876	8025.72
14	123	0.044431	72.9016	171.673	6.81445	47229	269.874	440685	5919.5
14	130	0.0450068	66.8038	169.815	8.21547	56890.4	297.875	439518	7956.39
15	52	0.0258986	62.859	416.004	4.78863	30382.3	172.426	195142	3012.61
15	133	0.03924	73.1624	345.881	5.43815	57414.7	295.679	219946	8998.29
15	162	0.0404622	67.1002	418.234	8.14497	30416.8	173.4	194874	8995.39
15	147	0.0424682	67.288	199.415	8.25177	56461	294.334	437362	8899.44
15	153	0.0425659	66.8723	197.455	8.16519	56129.5	296.744	421255	8944.42
15	168	0.0427263	67.2744	200.259	8.13139	56575.3	295.654	444694	8957.92
15	82	0.0428419	67.0333	196.677	8.2052	56934.3	298.745	423969	9024.34
15	107	0.0431354	67.4677	198.026	8.26029	57326.9	296.545	439435	8937.34
15	165	0.0433508	67.3236	198.678	8.31228	54053.8	296.023	441794	8922.83
15	152	0.0442693	66.819	197.182	8.17151	53549	296.162	441018	8968.51
16	52	0.0258986	62.859	416.004	4.78863	30382.3	172.426	195142	3012.61
16	133	0.03924	73.1624	345.881	5.43815	57414.7	295.679	219946	8998.29
16	162	0.0404622	67.1002	418.234	8.14497	30416.8	173.4	194874	8995.39
16	147	0.0424682	67.288	199.415	8.25177	56461	294.334	437362	8899.44
16	153	0.0425659	66.8723	197.455	8.16519	56129.5	296.744	421255	8944.42
16	168	0.0427263	67.2744	200.259	8.13139	56575.3	295.654	444694	8957.92
16	82	0.0428419	67.0333	196.677	8.2052	56934.3	298.745	423969	9024.34
16	107	0.0431354	67.4677	198.026	8.26029	57326.9	296.545	439435	8937.34
16	173	0.0433476	66.6269	198.099	8.21635	53981.1	295.363	447635	8951.74
16	165	0.0433508	67.3236	198.678	8.31228	54053.8	296.023	441794	8922.83
17	52	0.0258986	62.859	416.004	4.78863	30382.3	172.426	195142	3012.61
17	133	0.03924	73.1624	345.881	5.43815	57414.7	295.679	219946	8998.29
17	162	0.0404622	67.1002	418.234	8.14497	30416.8	173.4	194874	8995.39
17	182	0.042384	66.4993	201.927	8.24445	56436.8	297.36	420232	8935.74
17	147	0.0424682	67.288	199.415	8.25177	56461	294.334	437362	8899.44
17	153	0.0425659	66.8723	197.455	8.16519	56129.5	296.744	421255	8944.42
17	190	0.0425952	67.866	200.275	8.27864	54364	294.491	420090	9065.62
17	168	0.0427263	67.2744	200.259	8.13139	56575.3	295.654	444694	8957.92
17	184	0.0428285	67.1489	201.371	8.20895	55981	298.301	421664	8874.07
17	82	0.0428419	67.0333	196.677	8.2052	56934.3	298.745	423969	9024.34
18	52	0.0258986	62.859	416.004	4.78863	30382.3	172.426	195142	3012.61
18	191	0.026793	67.0642	343.719	5.43668	30705.5	173.86	613885	8935.09
18	196	0.0380677	66.6351	198.375	8.27452	30594.1	174.097	195668	2991.77
18	133	0.03924	73.1624	345.881	5.43815	57414.7	295.679	219946	8998.29
18	162	0.0404622	67.1002	418.234	8.14497	30416.8	173.4	194874	8995.39
18	182	0.042384	66.4993	201.927	8.24445	56436.8	297.36	420232	8935.74
18	147	0.0424682	67.288	199.415	8.25177	56461	294.334	437362	8899.44
18	153	0.0425659	66.8723	197.455	8.16519	56129.5	296.744	421255	8944.42
18	194	0.0425784	67.6149	198.114	8.15012	56463.7	297.017	421822	8951
18	198	0.0425869	67.2833	202.165	8.2829	56985.4	296.492	423266	8929.17
19	52	0.0258986	62.859	416.004	4.78863	30382.3	172.426	195142	3012.61
19	191	0.026793	67.0642	343.719	5.43668	30705.5	173.86	613885	8935.09
19	196	0.0380677	66.6351	198.375	8.27452	30594.1	174.097	195668	2991.77
19	133	0.03924	73.1624	345.881	5.43815	57414.7	295.679	219946	8998.29
19	202	0.0403702	66.031	421.538	8.0897	30436.8	173.037	195102	8920.31
19	162	0.0404622	67.1002	418.234	8.14497	30416.8	173.4	194874	8995.39
19	206	0.0422385	66.63	203.158	8.29321	56607.3	296.901	417686	8972.96
19	182	0.042384	66.4993	201.927	8.24445	56436.8	297.36	420232	8935.74
19	147	0.0424682	67.288	199.415	8.25177	56461	294.334	437362	8899.44
19	203	0.0425395	66.6997	197.689	8.34323	57065.8	297.84	423633	9078.82
20	52	0.0258986	62.859	416.004	4.78863	30382.3	172.426	195142	3012.61
20	191	0.026793	67.0642	343.719	5.43668	30705.5	173.86	613885	8935.09
20	196	0.0380677	66.6351	198.375	8.27452	30594.1	174.097	195668	2991.77
20	215	0.0387717	65.8841	421.178	8.07043	30162.4	174.571	195599	9032.36
20	133	0.03924	73.1624	345.881	5.43815	57414.7	295.679	219946	8998.29
20	202	0.0403702	66.031	421.538	8.0897	30436.8	173.037	195102	8920.31
20	162	0.0404622	67.1002	418.234	8.14497	30416.8	173.4	194874	8995.39
20	206	0.0422385	66.63	203.158	8.29321	56607.3	296.901	417686	8972.96
20	219	0.042314	66.668	201.547	8.318	57109.8	297.074	420105	9060.49
20	182	0.042384	66.4993	201.927	8.24445	56436.8	297.36	420232	8935.74
