1	1	1	1	3		293.15	0	0	0.000148065	-5.16746e-05	-5.16746e-05	0	0	0	10	-3.44814e-16	-1.80341e-15	0	0	0	0.000740324	0.000740324	0	0		
1	1	1	2	6		293.15	0	0	0.00029613	-0.000103349	-0.000103349	0	0	0	20	-6.89629e-16	-3.60683e-15	0	0	0	0.0029613	0.0029613	0	0		
1	1	1	3	9		293.15	0	0	0.000444194	-0.000155024	-0.000155024	0	0	0	30	-4.86282e-16	-4.20832e-15	0	0	0	0.00666292	0.00666292	0	0		
1	1	1	4	12		293.15	0	0	0.000592259	-0.000206698	-0.000206698	0	0	0	40	-1.37926e-15	-7.21366e-15	0	0	0	0.0118452	0.0118452	0	0		
1	1	1	5	15		293.15	0	0	0.000740324	-0.000258373	-0.000258373	0	0	0	50	-5.82495e-15	-1.0219e-14	0	0	0	0.0185081	0.0185081	0	0		
1	1	1	6	18		293.15	0	0	0.000888389	-0.000310048	-0.000310048	0	0	0	60	-4.94156e-15	-9.67161e-15	0	0	0	0.0266517	0.0266517	0	0		
1	1	1	7	21		293.15	0	0	0.00103645	-0.000361722	-0.000361722	0	0	0	70	1.27089e-15	-2.0188e-15	0	0	0	0.0362759	0.0362759	0	0		
1	1	1	8	24		293.15	0	0	0.00118452	-0.000413397	-0.000413397	0	0	0	80	3.77912e-16	-8.57685e-15	0	0	0	0.0473807	0.0473807	0	0		
1	1	1	9	27		293.15	0	0	0.00133258	-0.000465072	-0.000465072	0	0	0	90	-5.15064e-16	-8.02946e-15	0	0	0	0.0599662	0.0599662	0	0		
1	1	1	10	30		293.15	0	0	0.00148065	-0.000516746	-0.000516746	0	0	0	100	-1.16499e-14	-2.0438e-14	0	0	0	0.0740324	0.0740324	0	0		
1	1	1	11	33		293.15	0	0	0.00162871	-0.000568421	-0.000568421	0	0	0	110	-1.60956e-14	-1.98906e-14	0	0	0	0.0895792	0.0895792	0	0		
1	1	1	12	36		293.15	0	0	0.00177678	-0.000620095	-0.000620095	0	0	0	120	-9.88313e-15	-1.93432e-14	0	0	0	0.106607	0.106607	0	0		
1	1	1	13	39		293.15	0	0	0.00192484	-0.00067177	-0.00067177	0	0	0	130	-1.07761e-14	-2.59013e-14	0	0	0	0.125115	0.125115	0	0		
1	1	1	14	42		293.15	0	0	0.00207291	-0.000723445	-0.000723445	0	0	0	140	2.54177e-15	-4.0376e-15	0	0	0	0.145103	0.145103	0	0		
1	1	1	15	45		293.15	0	0	0.00222097	-0.000775119	-0.000775119	0	0	0	150	1.6488e-15	-1.05956e-14	0	0	0	0.166573	0.166573	0	0		
1	1	1	16	48		293.15	0	0	0.00236904	-0.000826794	-0.000826794	0	0	0	160	2.91775e-14	1.1268e-14	0	0	0	0.189523	0.189523	0	0		
1	1	1	17	51		293.15	0	0	0.0025171	-0.000878468	-0.000878468	0	0	0	170	2.82846e-14	1.89208e-14	0	0	0	0.213954	0.213954	0	0		
1	1	1	18	54		293.15	0	0	0.00266517	-0.000930143	-0.000930143	0	0	0	180	2.73916e-14	1.23628e-14	0	0	0	0.239865	0.239865	0	0		
1	1	1	19	57		293.15	0	0	0.00281323	-0.000981818	-0.000981818	0	0	0	190	5.49203e-14	4.84373e-14	0	0	0	0.267257	0.267257	0	0		
1	1	1	20	60		293.15	0	0	0.0029613	-0.00103349	-0.00103349	0	0	0	200	6.19653e-14	4.43892e-14	0	0	0	0.29613	0.29613	0	0		
1	1	1	21	63		293.15	0	0	0.00310936	-0.00108517	-0.00108517	0	0	0	210	5.09607e-12	5.07738e-12	0	0	0	0.326484	0.326483	0	4.05562e-07		
1	1	1	22	66		293.15	0	0	0.00325761	-0.00113693	-0.00113693	0	0	0	220	2.72922e-08	2.72922e-08	0	0	0	0.358355	0.358333	0	2.22462e-05		
1	1	1	23	69		293.15	0	0	0.00340708	-0.00118931	-0.00118931	0	0	0	230	2.73142e-08	2.73142e-08	0	0	0	0.391987	0.391791	0	0.000195711		
1	1	1	24	72		293.15	0	0	0.00356071	-0.00124377	-0.00124377	0	0	0	240	2.81275e-08	2.81274e-08	0	0	0	0.42809	0.42721	0	0.000880296		
1	1	1	25	75		293.15	0	0	0.00372423	-0.00130317	-0.00130317	0	0	0	250	3.88369e-08	3.88369e-08	0	0	0	0.468152	0.465373	0	0.00277843		
1	1	1	26	78		293.15	0	0	0.00390701	-0.0013722	-0.0013722	0	0	0	260	1.29294e-07	1.29294e-07	0	0	0	0.514762	0.507724	0	0.00703851		
1	1	1	27	81		293.15	0	0	0.00412282	-0.00145775	-0.00145775	0	0	0	270	1.29326e-07	1.29326e-07	0	0	0	0.57195	0.556608	0	0.015342		
1	1	1	28	84		293.15	0	0	0.00439025	-0.00156911	-0.00156911	0	0	0	280	1.29466e-07	1.29466e-07	0	0	0	0.645496	0.615531	0	0.0299647		
1	1	1	29	87		293.15	0	0	0.004733	-0.00171813	-0.00171813	0	0	0	290	1.29803e-07	1.29803e-07	0	0	0	0.743179	0.68938	0	0.0537996		
1	1	1	30	90		293.15	0	0	0.00517954	-0.00191903	-0.00191903	0	0	0	300	1.30306e-07	1.30306e-07	0	0	0	0.874906	0.784582	0	0.0903244		
1	1	1	31	93		293.15	0	0	0.0057623	-0.00218806	-0.00218806	0	0	0	310	1.30824e-07	1.30824e-07	0	0	0	1.05265	0.909148	0	0.143502		
1	1	1	32	96		293.15	0	0	0.00651628	-0.00254269	-0.00254269	0	0	0	320	1.3123e-07	1.3123e-07	0	0	0	1.29015	1.07255	0	0.217603		
1	1	1	33	99		293.15	0	0	0.00747691	-0.00300065	-0.00300065	0	0	0	330	1.31485e-07	1.31485e-07	0	0	0	1.60236	1.28541	0	0.316952		
1	1	1	34	102		293.15	0	0	0.00867747	-0.00357857	-0.00357857	0	0	0	340	1.3162e-07	1.3162e-07	0	0	0	2.00454	1.55894	0	0.445608		
1	1	1	35	105		293.15	0	0	0.0101462	-0.00429056	-0.00429056	0	0	0	350	1.31682e-07	1.31682e-07	0	0	0	2.51125	1.90423	0	0.607013		
1	1	1	36	108		293.15	0	0	0.0119032	-0.00514673	-0.00514673	0	0	0	360	3.73672e-07	3.73672e-07	0	0	0	3.135	2.33137	0	0.803628		
1	1	1	37	111		293.15	0	0	0.0139582	-0.00615184	-0.00615184	0	0	0	370	4.91506e-07	4.91506e-07	0	0	0	3.88505	2.84844	0	1.03661		
1	1	1	38	114		293.15	0	0	0.0163079	-0.00730435	-0.00730435	0	0	0	380	5.45184e-07	5.45184e-07	0	0	0	4.7662	3.46061	0	1.30559		
1	1	1	39	117		293.15	0	0	0.0189355	-0.00859579	-0.00859579	0	0	0	390	5.67769e-07	5.67769e-07	0	0	0	5.77782	4.16934	0	1.60848		
1	1	1	40	120		293.15	0	0	0.0218101	-0.0100107	-0.0100107	0	0	0	400	5.76239e-07	5.76239e-07	0	0	0	6.9133	4.97177	0	1.94153		
1	1	1	41	123		293.15	0	0	0.024888	-0.0115273	-0.0115273	0	0	0	410	5.78847e-07	5.78847e-07	0	0	0	8.15983	5.86044	0	2.29939		
1	1	1	42	126		293.15	0	0	0.0281143	-0.0131181	-0.0131181	0	0	0	420	5.79382e-07	5.79382e-07	0	0	0	9.49875	6.82338	0	2.67536		
1	1	1	43	129		293.15	0	0	0.031426	-0.0147516	-0.0147516	0	0	0	430	5.79417e-07	5.79417e-07	0	0	0	10.9063	7.84448	0	3.06177		
1	1	1	44	132		293.15	0	0	0.0347555	-0.016394	-0.016394	0	0	0	440	5.17276e-07	5.17276e-07	0	0	0	12.3546	8.90424	0	3.45034		
1	1	1	45	135		293.15	0	0	0.038034	-0.0180109	-0.0180109	0	0	0	450	5.1715e-07	5.1715e-07	0	0	0	13.8135	9.98082	0	3.83269		
1	1	1	46	138		293.15	0	0	0.0411956	-0.0195694	-0.0195694	0	0	0	460	5.16538e-07	5.16538e-07	0	0	0	15.252	11.0513	0	4.20078		
1	1	1	47	141		293.15	0	0	0.0441811	-0.0210397	-0.0210397	0	0	0	470	5.1477e-07	5.1477e-07	0	0	0	16.6403	12.0929	0	4.54736		
1	1	1	48	144		293.15	0	0	0.0469407	-0.0223972	-0.0223972	0	0	0	480	5.09998e-07	5.09998e-07	0	0	0	17.9511	13.0847	0	4.86639		
1	1	1	49	147		293.15	0	0	0.0494369	-0.0236229	-0.0236229	0	0	0	490	4.96113e-07	4.96113e-07	0	0	0	19.1617	14.0085	0	5.15328		
1	1	1	50	150		293.15	0	0	0.0516456	-0.0247049	-0.0247049	0	0	0	500	4.54525e-07	4.54525e-07	0	0	0	20.255	14.85	0	5.40509		
1	1	1	51	153		293.15	0	0	0.0535567	-0.0256381	-0.0256381	0	0	0	510	3.35688e-07	3.35687e-07	0	0	0	21.2202	15.5996	0	5.62059		
1	1	1	52	156		293.15	0	0	0.0551735	-0.0264241	-0.0264241	0	0	0	520	2.3273e-08	2.32726e-08	0	0	0	22.0528	16.2526	0	5.80018		
1	1	1	53	159		293.15	0	0	0.0565108	-0.0270705	-0.0270705	0	0	0	530	2.32711e-08	2.32706e-08	0	0	0	22.7549	16.8092	0	5.9457		
1	1	1	54	162		293.15	0	0	0.0575931	-0.0275893	-0.0275893	0	0	0	540	2.32679e-08	2.32675e-08	0	0	0	23.334	17.2739	0	6.0601		
1	1	1	55	165		293.15	0	0	0.0584512	-0.0279959	-0.0279959	0	0	0	550	2.32638e-08	2.32638e-08	0	0	0	23.8016	17.6544	0	6.14717		
1	1	1	56	168		293.15	0	0	0.0591196	-0.0283078	-0.0283078	0	0	0	560	2.32588e-08	2.32588e-08	0	0	0	24.1726	17.9614	0	6.21111		
1	1	1	57	171		293.15	0	0	0.0596336	-0.0285424	-0.0285424	0	0	0	570	2.3255e-08	2.32548e-08	0	0	0	24.463	18.2067	0	6.25625		
1	1	1	58	174		293.15	0	0	0.0600273	-0.0287169	-0.0287169	0	0	0	580	2.32528e-08	2.32526e-08	0	0	0	24.6893	18.4026	0	6.28672		
1	1	1	59	177		293.15	0	0	0.0603317	-0.0288468	-0.0288468	0	0	0	590	2.32522e-08	2.32521e-08	0	0	0	24.8674	18.5611	0	6.30633		
1	1	1	60	180		293.15	0	0	0.0605743	-0.0289457	-0.0289457	0	0	0	600	2.32524e-08	2.32522e-08	0	0	0	25.0118	18.6934	0	6.31836		
1	1	1	61	183		293.15	0	0	0.0607772	-0.0290248	-0.0290248	0	0	0	610	-4.9655e-08	-4.96552e-08	0	0	0	25.1345	18.809	0	6.32552		
1	1	1	62	186		293.15	0	0	0.0609568	-0.0290922	-0.0290922	0	0	0	620	-5.23467e-08	-5.23471e-08	0	0	0	25.2449	18.9152	0	6.32977		
1	1	1	63	189		293.15	0	0	0.0611234	-0.0291532	-0.0291532	0	0	0	630	-5.24066e-08	-5.24069e-08	0	0	0	25.3491	19.0167	0	6.33238		
1	1	1	64	192		293.15	0	0	0.0612829	-0.0292106	-0.0292106	0	0	0	640	-5.24074e-08	-5.24077e-08	0	0	0	25.4504	19.1163	0	6.33406		
1	1	1	65	195		293.15	0	0	0.0614385	-0.029266	-0.029266	0	0	0	650	-5.24075e-08	-5.24077e-08	0	0	0	25.5507	19.2155	0	6.33521		
1	1	1	66	198		293.15	0	0	0.0615917	-0.0293202	-0.0293202	0	0	0	660	-5.2408e-08	-5.24082e-08	0	0	0	25.6511	19.315	0	6.33604		
1	1	1	67	201		293.15	0	0	0.0617434	-0.0293737	-0.0293737	0	0	0	670	-2.83374e-07	-2.83374e-07	0	0	0	25.752	19.4153	0	6.33666		
1	1	1	68	204		293.15	0	0	0.0618942	-0.0294268	-0.0294268	0	0	0	680	-3.52412e-07	-3.52412e-07	0	0	0	25.8537	19.5166	0	6.33715		
1	1	1	69	207		293.15	0	0	0.0620443	-0.0294795	-0.0294795	0	0	0	690	-3.75445e-07	-3.75445e-07	0	0	0	25.9566	19.6191	0	6.33754		
1	1	1	70	210		293.15	0	0	0.0621941	-0.029532	-0.029532	0	0	0	700	-3.83905e-07	-3.83906e-07	0	0	0	26.0607	19.7228	0	6.33786		
1	1	1	71	213		293.15	0	0	0.0623435	-0.0295843	-0.0295843	0	0	0	710	-3.87285e-07	-3.87285e-07	0	0	0	26.166	19.8278	0	6.33813		
1	1	1	72	216		293.15	0	0	0.0624926	-0.0296365	-0.0296365	0	0	0	720	-3.88737e-07	-3.88737e-07	0	0	0	26.2726	19.9343	0	6.33837		
1	1	1	73	219		293.15	0	0	0.0626416	-0.0296887	-0.0296887	0	0	0	730	-3.89402e-07	-3.89402e-07	0	0	0	26.3806	20.0421	0	6.33857		
1	1	1	74	222		293.15	0	0	0.0627904	-0.0297407	-0.0297407	0	0	0	740	-3.89723e-07	-3.89724e-07	0	0	0	26.49	20.1513	0	6.33875		
1	1	1	75	225		293.15	0	0	0.0629391	-0.0297927	-0.0297927	0	0	0	750	-3.89887e-07	-3.89887e-07	0	0	0	26.6008	20.2619	0	6.33891		
1	1	1	76	228		293.15	0	0	0.0630878	-0.0298447	-0.0298447	0	0	0	760	-3.89974e-07	-3.89974e-07	0	0	0	26.713	20.374	0	6.33905		
1	1	1	77	231		293.15	0	0	0.0632363	-0.0298966	-0.0298966	0	0	0	770	-3.90022e-07	-3.90022e-07	0	0	0	26.8267	20.4875	0	6.33918		
1	1	1	78	234		293.15	0	0	0.0633848	-0.0299485	-0.0299485	0	0	0	780	-3.90049e-07	-3.9005e-07	0	0	0	26.9418	20.6025	0	6.3393		
1	1	1	79	237		293.15	0	0	0.0635333	-0.0300004	-0.0300004	0	0	0	790	-3.90065e-07	-3.90065e-07	0	0	0	27.0583	20.7189	0	6.3394		
1	1	1	80	240		293.15	0	0	0.0636817	-0.0300522	-0.0300522	0	0	0	800	-3.90075e-07	-3.90075e-07	0	0	0	27.1763	20.8368	0	6.3395		
1	1	1	81	243		293.15	0	0	0.0638301	-0.0301041	-0.0301041	0	0	0	810	-3.90081e-07	-3.90081e-07	0	0	0	27.2957	20.9561	0	6.3396		
1	1	1	82	246		293.15	0	0	0.0639784	-0.0301559	-0.0301559	0	0	0	820	-3.90085e-07	-3.90085e-07	0	0	0	27.4166	21.077	0	6.33968		
1	1	1	83	249		293.15	0	0	0.0641267	-0.0302077	-0.0302077	0	0	0	830	-3.90088e-07	-3.90088e-07	0	0	0	27.539	21.1992	0	6.33976		
1	1	1	84	252		293.15	0	0	0.064275	-0.0302595	-0.0302595	0	0	0	840	-3.90089e-07	-3.9009e-07	0	0	0	27.6628	21.323	0	6.33984		
1	1	1	85	255		293.15	0	0	0.0644233	-0.0303112	-0.0303112	0	0	0	850	-3.90091e-07	-3.90091e-07	0	0	0	27.7881	21.4482	0	6.33991		
1	1	1	86	258		293.15	0	0	0.0645715	-0.030363	-0.030363	0	0	0	860	-3.90092e-07	-3.90092e-07	0	0	0	27.9149	21.5749	0	6.33997		
1	1	1	87	261		293.15	0	0	0.0647198	-0.0304148	-0.0304148	0	0	0	870	-3.90092e-07	-3.90092e-07	0	0	0	28.0431	21.7031	0	6.34004		
1	1	1	88	264		293.15	0	0	0.064868	-0.0304665	-0.0304665	0	0	0	880	-3.90092e-07	-3.90092e-07	0	0	0	28.1728	21.8327	0	6.3401		
1	1	1	89	267		293.15	0	0	0.0650162	-0.0305183	-0.0305183	0	0	0	890	-3.90092e-07	-3.90093e-07	0	0	0	28.304	21.9638	0	6.34015		
1	1	1	90	270		293.15	0	0	0.0651644	-0.03057	-0.03057	0	0	0	900	-3.90093e-07	-3.90093e-07	0	0	0	28.4366	22.0964	0	6.34021		
1	1	1	91	273		293.15	0	0	0.0653126	-0.0306218	-0.0306218	0	0	0	910	-3.90093e-07	-3.90093e-07	0	0	0	28.5707	22.2305	0	6.34026		
1	1	1	92	276		293.15	0	0	0.0654608	-0.0306735	-0.0306735	0	0	0	920	-3.90093e-07	-3.90094e-07	0	0	0	28.7063	22.366	0	6.34031		
1	1	1	93	279		293.15	0	0	0.065609	-0.0307252	-0.0307252	0	0	0	930	-3.90094e-07	-3.90094e-07	0	0	0	28.8434	22.503	0	6.34036		
1	1	1	94	282		293.15	0	0	0.0657572	-0.030777	-0.030777	0	0	0	940	-3.90094e-07	-3.90095e-07	0	0	0	28.9819	22.6415	0	6.3404		
1	1	1	95	285		293.15	0	0	0.0659053	-0.0308287	-0.0308287	0	0	0	950	-3.90094e-07	-3.90094e-07	0	0	0	29.122	22.7815	0	6.34044		
1	1	1	96	288		293.15	0	0	0.0660535	-0.0308804	-0.0308804	0	0	0	960	-3.90093e-07	-3.90094e-07	0	0	0	29.2634	22.923	0	6.34049		
1	1	1	97	291		293.15	0	0	0.0662017	-0.0309321	-0.0309321	0	0	0	970	-3.90094e-07	-3.90094e-07	0	0	0	29.4064	23.0659	0	6.34053		
1	1	1	98	294		293.15	0	0	0.0663498	-0.0309838	-0.0309838	0	0	0	980	-3.90093e-07	-3.90094e-07	0	0	0	29.5509	23.2103	0	6.34057		
1	1	1	99	297		293.15	0	0	0.0664979	-0.0310356	-0.0310356	0	0	0	990	-3.90093e-07	-3.90094e-07	0	0	0	29.6968	23.3562	0	6.3406		
1	1	1	100	300		293.15	0	0	0.0666461	-0.0310873	-0.0310873	0	0	0	1000	-3.90094e-07	-3.90094e-07	0	0	0	29.8442	23.5035	0	6.34064		
1	1	2	1	303		293.15	0	0	0.066498	-0.0310356	-0.0310356	0	0	0	990	-3.86193e-07	-3.86193e-07	0	0	0	29.6969	23.3562	0	6.34064		
1	1	2	2	306		293.15	0	0	0.06635	-0.0309839	-0.0309839	0	0	0	980	-3.82292e-07	-3.82292e-07	0	0	0	29.551	23.2104	0	6.34064		
1	1	2	3	309		293.15	0	0	0.0662019	-0.0309322	-0.0309322	0	0	0	970	-3.78391e-07	-3.78391e-07	0	0	0	29.4066	23.066	0	6.34064		
1	1	2	4	312		293.15	0	0	0.0660538	-0.0308806	-0.0308806	0	0	0	960	-3.7449e-07	-3.7449e-07	0	0	0	29.2638	22.9231	0	6.34064		
1	1	2	5	315		293.15	0	0	0.0659058	-0.0308289	-0.0308289	0	0	0	950	-3.70589e-07	-3.70589e-07	0	0	0	29.1224	22.7817	0	6.34064		
1	1	2	6	318		293.15	0	0	0.0657577	-0.0307772	-0.0307772	0	0	0	940	-3.66688e-07	-3.66688e-07	0	0	0	28.9824	22.6418	0	6.34064		
1	1	2	7	321		293.15	0	0	0.0656096	-0.0307255	-0.0307255	0	0	0	930	-3.62787e-07	-3.62787e-07	0	0	0	28.844	22.5034	0	6.34064		
1	1	2	8	324		293.15	0	0	0.0654616	-0.0306739	-0.0306739	0	0	0	920	-3.58886e-07	-3.58886e-07	0	0	0	28.707	22.3664	0	6.34064		
1	1	2	9	327		293.15	0	0	0.0653135	-0.0306222	-0.0306222	0	0	0	910	-3.54985e-07	-3.54985e-07	0	0	0	28.5716	22.2309	0	6.34064		
1	1	2	10	330		293.15	0	0	0.0651654	-0.0305705	-0.0305705	0	0	0	900	-3.51084e-07	-3.51084e-07	0	0	0	28.4376	22.0969	0	6.34064		
1	1	2	11	333		293.15	0	0	0.0650174	-0.0305188	-0.0305188	0	0	0	890	-3.47183e-07	-3.47183e-07	0	0	0	28.305	21.9644	0	6.34064		
1	1	2	12	336		293.15	0	0	0.0648693	-0.0304672	-0.0304672	0	0	0	880	-3.43281e-07	-3.43282e-07	0	0	0	28.174	21.8334	0	6.34064		
1	1	2	13	339		293.15	0	0	0.0647212	-0.0304155	-0.0304155	0	0	0	870	-3.3938e-07	-3.39381e-07	0	0	0	28.0445	21.7038	0	6.34064		
1	1	2	14	342		293.15	0	0	0.0645732	-0.0303638	-0.0303638	0	0	0	860	-3.35479e-07	-3.35479e-07	0	0	0	27.9164	21.5757	0	6.34064		
1	1	2	15	345		293.15	0	0	0.0644251	-0.0303121	-0.0303121	0	0	0	850	-3.31578e-07	-3.31578e-07	0	0	0	27.7898	21.4491	0	6.34064		
1	1	2	16	348		293.15	0	0	0.064277	-0.0302605	-0.0302605	0	0	0	840	-3.27677e-07	-3.27677e-07	0	0	0	27.6647	21.324	0	6.34064		
1	1	2	17	351		293.15	0	0	0.064129	-0.0302088	-0.0302088	0	0	0	830	-3.23776e-07	-3.23776e-07	0	0	0	27.541	21.2004	0	6.34064		
1	1	2	18	354		293.15	0	0	0.0639809	-0.0301571	-0.0301571	0	0	0	820	-3.19875e-07	-3.19875e-07	0	0	0	27.4189	21.0782	0	6.34064		
1	1	2	19	357		293.15	0	0	0.0638329	-0.0301054	-0.0301054	0	0	0	810	-3.15974e-07	-3.15974e-07	0	0	0	27.2982	20.9576	0	6.34064		
1	1	2	20	360		293.15	0	0	0.0636848	-0.0300538	-0.0300538	0	0	0	800	-3.12073e-07	-3.12073e-07	0	0	0	27.179	20.8384	0	6.34064		
1	1	2	21	363		293.15	0	0	0.0635367	-0.0300021	-0.0300021	0	0	0	790	-3.08172e-07	-3.08172e-07	0	0	0	27.0613	20.7207	0	6.34064		
1	1	2	22	366		293.15	0	0	0.0633887	-0.0299504	-0.0299504	0	0	0	780	-3.04271e-07	-3.04271e-07	0	0	0	26.9451	20.6044	0	6.34064		
1	1	2	23	369		293.15	0	0	0.0632406	-0.0298987	-0.0298987	0	0	0	770	-3.0037e-07	-3.0037e-07	0	0	0	26.8303	20.4897	0	6.34064		
1	1	2	24	372		293.15	0	0	0.0630925	-0.0298471	-0.0298471	0	0	0	760	-2.96469e-07	-2.96469e-07	0	0	0	26.7171	20.3764	0	6.34064		
1	1	2	25	375		293.15	0	0	0.0629445	-0.0297954	-0.0297954	0	0	0	750	-2.92567e-07	-2.92568e-07	0	0	0	26.6053	20.2646	0	6.34064		
1	1	2	26	378		293.15	0	0	0.0627964	-0.0297437	-0.0297437	0	0	0	740	-2.88666e-07	-2.88667e-07	0	0	0	26.495	20.1543	0	6.34064		
1	1	2	27	381		293.15	0	0	0.0626483	-0.029692	-0.029692	0	0	0	730	-2.84765e-07	-2.84766e-07	0	0	0	26.3861	20.0455	0	6.34064		
1	1	2	28	384		293.15	0	0	0.0625003	-0.0296404	-0.0296404	0	0	0	720	-2.80864e-07	-2.80864e-07	0	0	0	26.2788	19.9381	0	6.34064		
1	1	2	29	387		293.15	0	0	0.0623522	-0.0295887	-0.0295887	0	0	0	710	-2.76964e-07	-2.76964e-07	0	0	0	26.1729	19.8323	0	6.34064		
1	1	2	30	390		293.15	0	0	0.0622041	-0.029537	-0.029537	0	0	0	700	-2.73063e-07	-2.73063e-07	0	0	0	26.0685	19.7279	0	6.34064		
1	1	2	31	393		293.15	0	0	0.0620561	-0.0294854	-0.0294854	0	0	0	690	-2.69162e-07	-2.69162e-07	0	0	0	25.9656	19.625	0	6.34064		
1	1	2	32	396		293.15	0	0	0.061908	-0.0294337	-0.0294337	0	0	0	680	-2.65261e-07	-2.65262e-07	0	0	0	25.8642	19.5236	0	6.34064		
1	1	2	33	399		293.15	0	0	0.0617599	-0.029382	-0.029382	0	0	0	670	-2.61361e-07	-2.61361e-07	0	0	0	25.7643	19.4236	0	6.34064		
1	1	2	34	402		293.15	0	0	0.0616119	-0.0293303	-0.0293303	0	0	0	660	-2.5746e-07	-2.5746e-07	0	0	0	25.6658	19.3251	0	6.34064		
1	1	2	35	405		293.15	0	0	0.0614638	-0.0292787	-0.0292787	0	0	0	650	-2.5356e-07	-2.5356e-07	0	0	0	25.5688	19.2282	0	6.34064		
1	1	2	36	408		293.15	0	0	0.0613158	-0.029227	-0.029227	0	0	0	640	-2.49659e-07	-2.49659e-07	0	0	0	25.4733	19.1327	0	6.34064		
1	1	2	37	411		293.15	0	0	0.0611677	-0.0291753	-0.0291753	0	0	0	630	-2.45758e-07	-2.45758e-07	0	0	0	25.3793	19.0386	0	6.34064		
1	1	2	38	414		293.15	0	0	0.0610196	-0.0291236	-0.0291236	0	0	0	620	-2.41858e-07	-2.41858e-07	0	0	0	25.2867	18.9461	0	6.34064		
1	1	2	39	417		293.15	0	0	0.0608716	-0.029072	-0.029072	0	0	0	610	-2.37957e-07	-2.37957e-07	0	0	0	25.1957	18.855	0	6.34064		
1	1	2	40	420		293.15	0	0	0.0607235	-0.0290203	-0.0290203	0	0	0	600	-2.34056e-07	-2.34056e-07	0	0	0	25.1061	18.7655	0	6.34064		
1	1	2	41	423		293.15	0	0	0.0605754	-0.0289686	-0.0289686	0	0	0	590	-2.30156e-07	-2.30156e-07	0	0	0	25.018	18.6774	0	6.34064		
1	1	2	42	426		293.15	0	0	0.0604274	-0.0289169	-0.0289169	0	0	0	580	-2.26255e-07	-2.26255e-07	0	0	0	24.9314	18.5907	0	6.34064		
1	1	2	43	429		293.15	0	0	0.0602793	-0.0288653	-0.0288653	0	0	0	570	-2.22354e-07	-2.22354e-07	0	0	0	24.8463	18.5056	0	6.34064		
1	1	2	44	432		293.15	0	0	0.0601312	-0.0288136	-0.0288136	0	0	0	560	-2.18454e-07	-2.18454e-07	0	0	0	24.7626	18.422	0	6.34064		
1	1	2	45	435		293.15	0	0	0.0599832	-0.0287619	-0.0287619	0	0	0	550	-2.14553e-07	-2.14553e-07	0	0	0	24.6804	18.3398	0	6.34064		
1	1	2	46	438		293.15	0	0	0.0598351	-0.0287102	-0.0287102	0	0	0	540	-2.10652e-07	-2.10652e-07	0	0	0	24.5997	18.2591	0	6.34064		
1	1	2	47	441		293.15	0	0	0.059687	-0.0286586	-0.0286586	0	0	0	530	-2.06751e-07	-2.06752e-07	0	0	0	24.5205	18.1799	0	6.34064		
1	1	2	48	444		293.15	0	0	0.059539	-0.0286069	-0.0286069	0	0	0	520	-2.02851e-07	-2.02851e-07	0	0	0	24.4428	18.1021	0	6.34064		
1	1	2	49	447		293.15	0	0	0.0593909	-0.0285552	-0.0285552	0	0	0	510	-1.9895e-07	-1.9895e-07	0	0	0	24.3665	18.0259	0	6.34064		
1	1	2	50	450		293.15	0	0	0.0592428	-0.0285035	-0.0285035	0	0	0	500	-1.95049e-07	-1.9505e-07	0	0	0	24.2917	17.9511	0	6.34064		
1	1	2	51	453		293.15	0	0	0.0590948	-0.0284519	-0.0284519	0	0	0	490	-1.91149e-07	-1.91149e-07	0	0	0	24.2185	17.8778	0	6.34064		
1	1	2	52	456		293.15	0	0	0.0589467	-0.0284002	-0.0284002	0	0	0	480	-1.87248e-07	-1.87248e-07	0	0	0	24.1466	17.806	0	6.34064		
1	1	2	53	459		293.15	0	0	0.0587987	-0.0283485	-0.0283485	0	0	0	470	-1.83348e-07	-1.83348e-07	0	0	0	24.0763	17.7357	0	6.34064		
1	1	2	54	462		293.15	0	0	0.0586506	-0.0282968	-0.0282968	0	0	0	460	-1.79447e-07	-1.79447e-07	0	0	0	24.0075	17.6668	0	6.34064		
1	1	2	55	465		293.15	0	0	0.0585025	-0.0282452	-0.0282452	0	0	0	450	-1.75546e-07	-1.75546e-07	0	0	0	23.9401	17.5995	0	6.34064		
1	1	2	56	468		293.15	0	0	0.0583545	-0.0281935	-0.0281935	0	0	0	440	-1.71645e-07	-1.71646e-07	0	0	0	23.8742	17.5336	0	6.34064		
1	1	2	57	471		293.15	0	0	0.0582064	-0.0281418	-0.0281418	0	0	0	430	-1.67745e-07	-1.67745e-07	0	0	0	23.8098	17.4692	0	6.34064		
1	1	2	58	474		293.15	0	0	0.0580583	-0.0280901	-0.0280901	0	0	0	420	-1.63844e-07	-1.63844e-07	0	0	0	23.7469	17.4062	0	6.34064		
1	1	2	59	477		293.15	0	0	0.0579103	-0.0280385	-0.0280385	0	0	0	410	-1.59943e-07	-1.59944e-07	0	0	0	23.6854	17.3448	0	6.34064		
1	1	2	60	480		293.15	0	0	0.0577622	-0.0279868	-0.0279868	0	0	0	400	-1.56043e-07	-1.56043e-07	0	0	0	23.6255	17.2848	0	6.34064		
1	1	2	61	483		293.15	0	0	0.0576141	-0.0279351	-0.0279351	0	0	0	390	-1.52142e-07	-1.52142e-07	0	0	0	23.567	17.2263	0	6.34064		
1	1	2	62	486		293.15	0	0	0.0574588	-0.0278798	-0.0278798	0	0	0	380	-1.49403e-07	-1.49403e-07	0	0	0	23.5072	17.1656	0	6.34153		
1	1	2	63	489		293.15	0	0	0.0572918	-0.0278187	-0.0278187	0	0	0	370	-1.48885e-07	-1.48885e-07	0	0	0	23.4446	17.1007	0	6.34383		
1	1	2	64	492		293.15	0	0	0.0571035	-0.0277469	-0.0277469	0	0	0	360	-1.99617e-07	-1.99617e-07	0	0	0	23.3758	17.0271	0	6.34875		
1	1	2	65	495		293.15	0	0	0.0568796	-0.0276573	-0.0276573	0	0	0	350	-5.14877e-07	-5.14877e-07	0	0	0	23.2963	16.9383	0	6.35801		
1	1	2	66	498		293.15	0	0	0.056601	-0.0275403	-0.0275403	0	0	0	340	-5.10976e-07	-5.10976e-07	0	0	0	23.2002	16.8263	0	6.37395		
1	1	2	67	501		293.15	0	0	0.0562438	-0.0273841	-0.0273841	0	0	0	330	-5.07076e-07	-5.07076e-07	0	0	0	23.0805	16.681	0	6.3995		
1	1	2	68	504		293.15	0	0	0.0557792	-0.0271741	-0.0271741	0	0	0	320	-5.03175e-07	-5.03175e-07	0	0	0	22.9295	16.4914	0	6.43815		
1	1	2	69	507		293.15	0	0	0.0551747	-0.0268943	-0.0268943	0	0	0	310	-4.99274e-07	-4.99274e-07	0	0	0	22.7391	16.2452	0	6.49389		
1	1	2	70	510		293.15	0	0	0.0543955	-0.026527	-0.026527	0	0	0	300	-4.95373e-07	-4.95374e-07	0	0	0	22.5015	15.9305	0	6.57096		
1	1	2	71	513		293.15	0	0	0.0534066	-0.0260549	-0.0260549	0	0	0	290	-4.91472e-07	-4.91472e-07	0	0	0	22.2098	15.5361	0	6.67365		
1	1	2	72	516		293.15	0	0	0.0521752	-0.0254616	-0.0254616	0	0	0	280	-7.54839e-07	-7.54839e-07	0	0	0	21.8588	15.0529	0	6.80594		
1	1	2	73	519		293.15	0	0	0.0506741	-0.0247334	-0.0247334	0	0	0	270	-8.78168e-07	-8.78168e-07	0	0	0	21.446	14.4748	0	6.97118		
1	1	2	74	522		293.15	0	0	0.0488842	-0.0238608	-0.0238608	0	0	0	260	-9.28163e-07	-9.28163e-07	0	0	0	20.9717	13.8	0	7.17169		
1	1	2	75	525		293.15	0	0	0.0467972	-0.0228397	-0.0228397	0	0	0	250	-9.44206e-07	-9.44206e-07	0	0	0	20.4395	13.031	0	7.40848		
1	1	2	76	528		293.15	0	0	0.0444176	-0.0216722	-0.0216722	0	0	0	240	-9.46527e-07	-9.46527e-07	0	0	0	19.8565	12.1755	0	7.68101		
1	1	2	77	531		293.15	0	0	0.0417637	-0.0203676	-0.0203676	0	0	0	230	-9.44164e-07	-9.44164e-07	0	0	0	19.2328	11.2458	0	7.98704		
1	1	2	78	534		293.15	0	0	0.0388677	-0.018942	-0.018942	0	0	0	220	-9.40531e-07	-9.40531e-07	0	0	0	18.5812	10.2586	0	8.32264		
1	1	2	79	537		293.15	0	0	0.0357744	-0.0174177	-0.0174177	0	0	0	210	-9.36656e-07	-9.36656e-07	0	0	0	17.9162	9.23383	0	8.68234		
1	1	2	80	540		293.15	0	0	0.0325395	-0.0158226	-0.0158226	0	0	0	200	-9.32756e-07	-9.32756e-07	0	0	0	17.253	8.19367	0	9.05935		
1	1	2	81	543		293.15	0	0	0.0292265	-0.0141884	-0.0141884	0	0	0	190	-1.3133e-06	-1.3133e-06	0	0	0	16.607	7.16106	0	9.44591		
1	1	2	82	546		293.15	0	0	0.0259032	-0.0125491	-0.0125491	0	0	0	180	-1.19893e-06	-1.19893e-06	0	0	0	15.9922	6.15842	0	9.83374		
1	1	2	83	549		293.15	0	0	0.022638	-0.0109389	-0.0109389	0	0	0	170	-1.19502e-06	-1.19502e-06	0	0	0	15.4208	5.20628	0	10.2145		
1	1	2	84	552		293.15	0	0	0.0194962	-0.0093904	-0.0093904	0	0	0	160	-1.19109e-06	-1.19109e-06	0	0	0	14.9024	4.32219	0	10.5802		
1	1	2	85	555		293.15	0	0	0.0165362	-0.00793272	-0.00793272	0	0	0	150	-1.18684e-06	-1.18684e-06	0	0	0	14.4436	3.51985	0	10.9237		
1	1	2	86	558		293.15	0	0	0.0138062	-0.0065901	-0.0065901	0	0	0	140	-1.18061e-06	-1.18061e-06	0	0	0	14.0477	2.80855	0	11.2392		
1	1	2	87	561		293.15	0	0	0.0113425	-0.00538061	-0.00538061	0	0	0	130	-1.16589e-06	-1.16589e-06	0	0	0	13.7151	2.19299	0	11.5221		
1	1	2	88	564		293.15	0	0	0.00916763	-0.00431552	-0.00431552	0	0	0	120	-1.12227e-06	-1.12227e-06	0	0	0	13.4433	1.6734	0	11.7699		
1	1	2	89	567		293.15	0	0	0.00729018	-0.00339916	-0.00339916	0	0	0	110	-9.95456e-07	-9.95456e-07	0	0	0	13.2273	1.24607	0	11.9813		
1	1	2	90	570		293.15	0	0	0.00570561	-0.00262923	-0.00262923	0	0	0	100	-6.5916e-07	-6.5916e-07	0	0	0	13.061	0.903991	0	12.157		
1	1	2	91	573		293.15	0	0	0.00439789	-0.00199772	-0.00199772	0	0	0	90	-6.55259e-07	-6.55259e-07	0	0	0	12.9367	0.637835	0	12.2989		
1	1	2	92	576		293.15	0	0	0.0033419	-0.00149209	-0.00149209	0	0	0	80	-6.51358e-07	-6.51358e-07	0	0	0	12.847	0.436858	0	12.4101		
1	1	2	93	579		293.15	0	0	0.00250631	-0.00109665	-0.00109665	0	0	0	70	-6.47456e-07	-6.47456e-07	0	0	0	12.7843	0.289848	0	12.4945		
1	1	2	94	582		293.15	0	0	0.00185648	-0.000794094	-0.000794094	0	0	0	60	-6.43554e-07	-6.43554e-07	0	0	0	12.7421	0.185914	0	12.5562		
1	1	2	95	585		293.15	0	0	0.00135716	-0.000566789	-0.000566789	0	0	0	50	-6.39651e-07	-6.39651e-07	0	0	0	12.7146	0.115095	0	12.5995		
1	1	2	96	588		293.15	0	0	0.000974575	-0.000397856	-0.000397856	0	0	0	40	-6.35749e-07	-6.35749e-07	0	0	0	12.6974	0.0687475	0	12.6286		
1	1	2	97	591		293.15	0	0	0.000677992	-0.000271923	-0.000271923	0	0	0	30	-6.31848e-07	-6.31848e-07	0	0	0	12.687	0.0397211	0	12.6473		
1	1	2	98	594		293.15	0	0	0.000440673	-0.000175621	-0.000175621	0	0	0	20	-6.27947e-07	-6.27947e-07	0	0	0	12.6811	0.0223904	0	12.6587		
1	1	2	99	597		293.15	0	0	0.000240938	-9.81112e-05	-9.81112e-05	0	0	0	10	-5.70848e-07	-5.70848e-07	0	0	0	12.6781	0.0126284	0	12.6655		
1	1	2	100	600		293.15	0	0	6.3137e-05	-3.15685e-05	-3.15685e-05	0	0	0	1.13019e-06	-5.65101e-07	-5.65101e-07	0	0	0	12.6772	0.00771302	0	12.6695		
